,aqi,pm10,hour,day_of_week,day_of_month,month,hour_sin,hour_cos,day_sin,day_cos,is_night,is_morning,is_afternoon,is_evening,is_weekend,lag_1h,lag_2h,lag_3h,lag_6h,lag_12h,lag_24h,lag_48h,lag_72h,lag_96h,lag_120h,lag_144h,lag_168h,lag_same_hour_yesterday,lag_same_hour_last_week,rolling_mean_3h,rolling_std_3h,rolling_min_3h,rolling_max_3h,rolling_mean_6h,rolling_std_6h,rolling_min_6h,rolling_max_6h,rolling_mean_12h,rolling_std_12h,rolling_min_12h,rolling_max_12h,rolling_mean_24h,rolling_std_24h,rolling_min_24h,rolling_max_24h,rolling_mean_72h,rolling_std_72h,rolling_min_72h,rolling_max_72h,rolling_mean_168h,rolling_std_168h,rolling_min_168h,rolling_max_168h,rolling_trend_24h,diff_1h,diff_3h,diff_24h,diff_week,roc_1h,roc_24h,weekly_seasonal,daily_seasonal,hourly_seasonal,target_24h,target_72h,aqi_hour_interaction
aqi,1.0,0.2980180367591636,0.001676638531839482,-0.10087788719189993,-0.24682301518010846,0.30102194693307094,-0.003350684202932956,0.007061102611014202,0.06826668087922061,0.07671335593494222,0.0018491936879931662,-0.0023062977456997174,-0.010700390441760124,0.011157494499466278,-0.04831736522134606,0.9959597137792748,0.9867950595784434,0.974968774286766,0.9248404647880344,0.7665146383542021,0.4453841070642778,0.27950766013604667,0.10436532970663792,0.029971606479263956,-0.08379226579956447,-0.08293655072747773,-0.07624394353730093,0.4453841070642778,-0.07624394353730093,0.9882549666162422,-0.08434773007649941,0.9864070441175098,0.9870779375720244,0.9722040433726264,-0.069578231270744,0.9654514853484664,0.9672701981928209,0.9234381512124746,-0.02795268819515231,0.9006293921398536,0.9101687884104996,0.8009893861547992,0.03287028556045648,0.7516700091378293,0.7937531142282424,0.589245573191013,0.28506534488567536,0.3744116218527254,0.6338661886836776,0.4307494961522524,0.5312935650762316,-0.13072233571096464,0.5481416703545564,0.5073391967993717,0.051644556684653224,0.11867217450014142,0.4967376592416552,0.6167917999085247,0.04611564566942371,0.5114502037595838,0.4307494961522524,0.8009893861547992,0.023750747122501404,0.4421484914888659,0.2513869944505249,0.3503284789913041
pm10,0.2980180367591636,1.0,0.030308502788489133,-0.018073676190570508,-0.21433763271452247,-0.11119180143077657,0.036684753311190595,0.03560220211713611,-0.10915726610704801,-0.0049855039284334365,-0.048272855977194336,0.10433376466969466,-0.1462868609470001,0.09022595225449954,-0.022964159314766974,0.27381425277823296,0.2498254345156036,0.22784304818604173,0.1797762922823487,0.13721906899279923,0.09561393010475085,0.04272274056928875,0.002499117387364598,-0.07166272099862625,-0.06505966648013471,-0.05311849349493328,0.012454861567829628,0.09561393010475085,0.012454861567829628,0.2510988296542638,-0.0029492181613751333,0.24975340270521285,0.25240423886345,0.2239779446446851,-0.032102382508782314,0.22666291668745367,0.22447610790927008,0.19101398223038205,-0.06642732054496196,0.20978112307170868,0.18546142871393764,0.16294424493870965,-0.099225533752339,0.19718371669558096,0.13355908220767757,0.11024682067268397,0.03303149021230887,0.06022414508629885,0.062154378426246916,0.012308848297048867,0.04513185775384146,-0.01864618555293086,0.04483183483593301,0.12179860158141942,0.2711673614073988,0.31511785437443335,0.1772912577267411,0.15358705163567363,0.24365234402876543,0.17387443637328517,0.012308848297048867,0.16294424493870965,0.033520354198700975,0.3282876403631055,-0.03234806787075519,0.13465909058022554
hour,0.001676638531839482,0.030308502788489133,1.0,-2.266993623418518e-17,8.946283246567259e-17,1.9577075772770168e-16,-0.7759122353393899,-0.10215078369105002,-7.776793883917783e-18,9.340993392666731e-17,-0.7506518906054701,-0.25021729686848965,0.25021729686848987,0.7506518906054686,4.27254469792145e-17,0.002842902554450753,0.004003042672996807,0.005716131795090599,-0.014878288731124456,0.0002890953619109635,0.0033209137988317603,-0.0014965635886846525,0.0010878204498208257,0.006620616560414777,0.003606714293074488,0.002760994103955326,0.004899778687794484,0.0033209137988317603,0.004899778687794484,0.004196732633285395,-0.020157916880193034,0.0065304261914782245,0.002819405541819871,-0.000983757076533726,-0.11889611185513545,0.017216481441200908,-0.014102352730717352,-0.0041454129623809755,-0.09392108895446033,0.019351963750173208,-0.018425436856117947,-0.00029312374926525044,0.0962134065604679,-0.030798134401795362,0.015078822417850758,-0.000924224612503017,0.007772659350572587,-0.02126621465275562,0.008627691526896165,0.0041182044567877425,0.010232956200407964,-0.009840521191514387,0.02095185465550595,-0.00904745417913775,-0.0129585955019622,-0.01926448936829827,-0.006159575061030593,-0.011274894444683888,0.0036498918988213374,-0.0032602066237242414,0.0041182044567877425,-0.00029312374926525044,0.23385175419896462,0.003900417860090697,-0.005644448657076326,0.9145378429754103
day_of_week,-0.10087788719189993,-0.018073676190570508,-2.266993623418518e-17,1.0,-0.09858874460667086,-0.04857755092486182,-1.0615092934591695e-17,2.533468847055885e-17,-0.7314236518900875,-0.35478449541548707,-9.244999559812454e-19,-6.529280939117549e-18,-1.981896780634796e-17,-1.0631749493784328e-17,0.8013760423610307,-0.09730258048199103,-0.09350058837501667,-0.08982336609546492,-0.07669556614128432,-0.06222632307023145,-0.04829342164414467,-0.041741894363591145,-0.0018384488976962469,0.22388060379495678,0.23519177082157616,-0.03318770242198854,-0.10584743713523499,-0.04829342164414467,-0.10584743713523499,-0.0937659840057415,-0.08491179489277163,-0.08784456787440152,-0.09958749060752084,-0.0879518543371872,-0.10747516947790532,-0.07443977905312607,-0.10299333409848498,-0.07909432664106632,-0.15032906642001723,-0.047552079580066756,-0.11602394168916604,-0.06984580556838844,-0.17943160321909898,-0.015628058495595416,-0.14822703914055146,-0.08341328300836345,-0.09465077566257755,-0.0748620730081599,-0.1435894531222495,-0.012923401319858181,-0.0807257535632439,-0.04735043060366659,-0.11045729470295068,-0.02468132018121097,-0.04043766711040336,-0.04897749584173047,-0.021277030919186528,0.04977269210873881,-0.03288930659529315,-0.10032955585009147,-0.012923401319858181,-0.06984580556838844,-1.243263083872548e-15,-0.04697326072443938,0.11889665218832506,-0.04106122983588226
day_of_month,-0.24682301518010846,-0.21433763271452247,8.946283246567259e-17,-0.09858874460667086,1.0,0.5184683455934319,2.374832626784873e-17,2.6065236147638855e-18,0.08274716642615233,0.13604495833010663,-1.1480551714415486e-16,1.9153958576058805e-17,5.888068747455113e-17,-2.8376234927494526e-18,-0.02563895527516664,-0.2380364847832066,-0.2293466103791303,-0.22086313161223323,-0.19777747172306273,-0.1606418164528088,-0.13285235232953257,-0.1264797884067539,-0.11725183869814745,-0.1159017854325283,-0.10810523866309633,-0.07734629373382958,-0.07305516499577225,-0.13285235232953257,-0.07305516499577225,-0.2299640626940909,0.03563094122822503,-0.23072869954546713,-0.22844664994745048,-0.21911072980919247,0.034267572037710456,-0.22181269278193494,-0.21597917112335155,-0.20126055294222192,0.03356771148511404,-0.20696252472956436,-0.19604393803800987,-0.1824334482055985,-0.0021879796757762935,-0.1774557002669003,-0.18888997002287436,-0.19864533852362304,-0.23921685146967156,0.0036858139174256632,-0.23751547357196087,-0.2269041177542502,-0.3931036271390913,0.3091012975813007,-0.22153486814125173,-0.09762388759211894,-0.09937066887082713,-0.11823825178410478,-0.11534471145638069,-0.11557938244255297,-0.10359934890166617,-0.1163789286964199,-0.2269041177542502,-0.1824334482055985,-1.0194211742121401e-14,-0.36620816635152476,-0.14796010264897844,-0.09777209971581244
month,0.30102194693307094,-0.11119180143077657,1.9577075772770168e-16,-0.04857755092486182,0.5184683455934319,1.0,-2.0610879522966387e-17,-2.374028007880946e-18,0.06293090316915523,0.07194778655582328,-6.040714869099868e-16,-5.06623548677425e-17,3.4362292866816653e-17,9.868145643803756e-17,-0.020016019225635787,0.30135066696929413,0.3015975319576293,0.30178939332789273,0.3022432496234147,0.2970256348837749,0.2628923244489451,0.17014068921047312,0.07005198140652522,0.0020529675988428743,-0.07245422514812448,-0.12547646976051754,-0.1912034369285359,0.2628923244489451,-0.1912034369285359,0.302295774740321,0.08950531071608755,0.2947492132601772,0.30968327386184424,0.30425848705966224,0.12274611174619741,0.2847537166042161,0.32301694631723277,0.3087156480545719,0.16590693990469071,0.26563428120537985,0.34916539947813696,0.3157922705248608,0.2023443645024364,0.22476566519103003,0.38032828691013354,0.3050436975395963,0.17360112222446905,0.14740644697615274,0.33371098238580754,0.2861441766847871,0.14178079170301933,0.1539543391011159,0.21188498326175775,0.04698252144167335,-0.001634848787428482,-3.522964559907485e-17,0.05960942300081613,0.4026394914343473,-0.004050430121638958,0.06429913932108458,0.2861441766847871,0.3157922705248608,-9.06228375064335e-14,0.31625973378551164,0.42984184945706577,0.10211821601773424
hour_sin,-0.003350684202932956,0.036684753311190595,-0.7759122353393899,-1.0615092934591695e-17,2.374832626784873e-17,-2.0610879522966387e-17,1.0,-3.238150488490041e-17,7.033799493427813e-18,-6.094164123920389e-18,0.44878422347333874,0.5848669869612939,-0.4487842234733388,-0.5848669869612936,-1.274983174590121e-17,-0.0014098150966648502,0.0007614684738314239,0.0030285189810319623,0.008055812702882302,0.003553806440859106,-0.003293344974868289,0.0012731918445495097,8.354529476123585e-06,-0.006023446790759297,-0.002480865488075987,-0.0020267996544964056,-0.003919025788308264,-0.003293344974868289,-0.003919025788308264,0.0007943790049199674,0.0664473038692502,-0.004398171598594298,0.005197034365151507,0.0038197239310908894,0.16572805118340403,-0.021431022635533394,0.021780881047689764,0.005599258656616919,0.1509759009771996,-0.030126883651156823,0.03201056075056584,0.0005001355031118873,-0.10504493862728004,0.03493480119043759,-0.014512136892138353,0.0012223608419926351,-0.004365148822425496,0.022122215029524286,-0.005241764785430021,-0.0026858767706008048,-0.005995961437970332,0.001067360218135839,-0.01586271753933397,0.013746313907764075,-0.021606613980611436,-0.028275113520913327,0.002681316272884847,0.006715118729093383,-0.045990219238189085,0.0005067151035943877,-0.0026858767706008048,0.0005001355031118873,-0.2844878698639503,-0.004805413622223642,-0.00025850888135443297,-0.7113352031149368
hour_cos,0.007061102611014202,0.03560220211713611,-0.10215078369105002,2.533468847055885e-17,2.6065236147638855e-18,-2.374028007880946e-18,-3.238150488490041e-17,1.0,-4.3444055694701206e-18,4.9163004697172895e-18,0.5848669869612935,-0.44878422347333996,-0.5848669869612936,0.4487842234733392,1.603752420868077e-19,0.008201611875708401,0.00885316146434783,0.008817793345575442,0.002877417672426062,-0.007240583347814512,0.0060676134621379515,0.0051656819289365805,0.0027307669524297704,0.005257729310650603,0.0028705711072872907,0.004863311898440692,0.0042573803044995825,0.0060676134621379515,0.0042573803044995825,0.008644553436308539,0.16357166775364343,-0.0012527663358343445,0.018728747140697517,0.00696575349471783,0.08840460252677491,0.00022371119481649903,0.019385930162298802,0.0016428855063313455,-0.12231880566173631,0.0374530016192765,-0.012379843342587751,-0.000370789747281722,-0.06879897591863232,0.014671150222751284,-0.0011186430992051757,-0.0012091804021567918,-0.01842334315653178,0.02446167935006342,-0.00738900692142689,-0.0021965807840143973,-0.008839228673488414,0.039813146419050253,-0.011395187578824522,0.004343153635026271,-0.012636034030182026,-0.006693271903551141,-0.0014055472397670277,0.002160688056564098,-0.012897528287687393,-0.018330515587426495,-0.0021965807840143973,-0.000370789747281722,0.27226409557518144,0.0022397771784808842,0.010624783141475781,-0.09077899105751826
day_sin,0.06826668087922061,-0.10915726610704801,-7.776793883917783e-18,-0.7314236518900875,0.08274716642615233,0.06293090316915523,7.033799493427813e-18,-4.3444055694701206e-18,1.0,8.584930406445955e-17,1.0641576880907165e-17,4.645132765475352e-18,1.5540080524499358e-17,2.3647948624238154e-17,-0.7899524624504745,0.07497981837782304,0.08157803798739291,0.08793413954585722,0.10452401444343752,0.13706200388052073,0.1872008671444076,0.16208871923051718,0.024501697823428793,-0.16500887351145171,-0.21971004818116044,-0.11807929720819449,0.06544192058236141,0.1872008671444076,0.06544192058236141,0.0816883779910338,0.07262490773101381,0.07639381392044542,0.08672858803824378,0.0909248823605365,0.10667763289568132,0.07545956549576749,0.10471759182168411,0.1095011028445483,0.16231813132346395,0.07060554843442551,0.14579525223003822,0.1483245496554356,0.20589515017088703,0.07436580086132312,0.22105901547157106,0.1947023379234503,0.13907409459579345,0.08483592811553674,0.23042915120293067,0.07671105266704678,0.06631999848585596,0.12091903181639654,0.09348225242999338,-0.11354075950854137,-0.07419753375872162,-0.08814613599351385,-0.13252179179566234,-0.02348233328504045,-0.06656544493141962,-0.05671980304761682,0.07671105266704678,0.1483245496554356,7.716988160957291e-16,-0.08349648992571831,-0.04102343077358123,0.0155689767407471
day_cos,0.07671335593494222,-0.0049855039284334365,9.340993392666731e-17,-0.35478449541548707,0.13604495833010663,0.07194778655582328,-6.094164123920389e-18,4.9163004697172895e-18,8.584930406445955e-17,1.0,-5.1347573123817656e-17,-2.6091926408194006e-17,2.910253330144716e-17,2.8768021424419034e-17,0.1644326407870726,0.07400725616429056,0.07090951725704248,0.06756549182872985,0.05775123164847216,0.02662348685576338,-0.04473710804605492,-0.21153647138171594,-0.3016854299150459,-0.23421058592524255,-0.05184092107264707,0.10422717822434317,0.12321504912998532,-0.04473710804605492,0.12321504912998532,0.07099703590648701,-0.008801370360240516,0.0710874681572667,0.0707102492343553,0.0663751028269446,-0.010404485834258147,0.06727648592332229,0.0651756397472102,0.054695151471816694,-0.01649603179462416,0.05857134411406334,0.05234490074006909,0.02316304342080998,-0.06673581282664048,0.051515151807302914,0.012239707435147138,-0.1456075760927362,-0.14910494863992713,0.0019995435898664655,-0.22330207793407236,-0.1716540377686832,-0.06372956983226506,-0.03926696168881795,-0.07116497213610144,0.11520647221726442,0.03060912477693486,0.04211247987519565,0.12935990298963898,-0.030829186319384274,0.030221064162314862,0.1139363378111062,-0.1716540377686832,0.02316304342080998,-5.1337620403087756e-15,0.07046829719591371,-0.10472790070596374,0.029093009422807726
is_night,0.0018491936879931662,-0.048272855977194336,-0.7506518906054701,-9.244999559812454e-19,-1.1480551714415486e-16,-6.040714869099868e-16,0.44878422347333874,0.5848669869612935,1.0641576880907165e-17,-5.1347573123817656e-17,1.0,-0.33333333333333287,-0.3333333333333324,-0.333333333333333,-2.946281328660031e-17,0.0003118499928711518,-0.00099859132589493,-0.0023521164549255564,0.0114764798637936,-0.009388740917461327,2.0819010565235097e-05,0.0029749250940333694,-0.00012601457982996584,-0.0021826487224680348,-0.0015857794311003382,6.002385566372601e-05,-0.0016564913556622843,2.0819010565235097e-05,-0.0016564913556622843,-0.0010148211451906912,0.08323042159283335,-0.006693119018190002,0.004272559434309167,0.0022728397733088163,0.10836440728614666,-0.01117462169250512,0.015231401708009717,0.0031891998970967413,-0.013419855448838515,0.007373869797477953,0.001686276926818464,-5.729597070682545e-05,-0.0964065055412511,0.027461675020451007,-0.011228230854935645,-8.069986322852477e-05,-0.015037462248804458,0.02592754047622378,-0.0104051197694547,-0.004108914081092896,-0.012026821084108186,0.027855801738370663,-0.020513172327648148,0.00592762839951026,0.01710898742431732,0.02016542571945541,0.004156480740390376,0.0090552023779632,0.007684329852651047,-0.006614137892107965,-0.004108914081092896,-5.729597070682545e-05,-0.04531960940320909,-0.0019895298269049753,0.00891071848969494,-0.6854537284848562
is_morning,-0.0023062977456997174,0.10433376466969466,-0.25021729686848965,-6.529280939117549e-18,1.9153958576058805e-17,-5.06623548677425e-17,0.5848669869612939,-0.44878422347333996,4.645132765475352e-18,-2.6091926408194006e-17,-0.33333333333333287,1.0,-0.3333333333333329,-0.3333333333333335,-1.2047016988298802e-17,-2.078999952478542e-05,0.0017475348203155312,0.002810050631990255,0.001746420848838218,0.01101251429121249,-0.0016447018346780109,0.00014562570390375376,0.0009661117786953519,-0.0035828384689567637,-0.00044727112159236173,-0.001300516872715166,-0.0019720135186455223,-0.0016447018346780109,-0.0019720135186455223,0.001515280888023942,-0.012311281523620663,0.001595573264398136,0.0008377567518253824,0.0020282605509700288,0.05986447368890344,-0.00959311098742036,0.008113528308995636,0.002337281162910641,0.14718688223245216,-0.03300178615413185,0.02708992933084364,0.0005150419688238603,-0.023636366160584427,0.011270915480706398,-0.0047850266512593645,0.0012468714633433135,0.0068643107568593835,0.0007617449323808434,0.0021031625065918605,0.00019511049582122,0.0023644773030662134,-0.019856906528863676,-0.0012532163158369834,0.008393034819845718,-0.025432278603714945,-0.023324985509600597,0.0006439618048492146,0.0015153603979448252,-0.040459974141372014,0.007853339415856054,0.00019511049582122,0.0005150419688238603,-0.14704420029384538,-0.0009895567201881725,-0.002595051349630558,-0.22956702504166435
is_afternoon,-0.010700390441760124,-0.1462868609470001,0.25021729686848987,-1.981896780634796e-17,5.888068747455113e-17,3.4362292866816653e-17,-0.4487842234733388,-0.5848669869612936,1.5540080524499358e-17,2.910253330144716e-17,-0.3333333333333324,-0.3333333333333329,1.0,-0.33333333333333365,-9.951883599029445e-18,-0.012245309720086616,-0.011234152416314381,-0.009928845566365736,-0.0024117240293480852,0.001269874048703053,-0.00938937376506049,-0.008591916530320922,-0.0072668407701867496,-0.006053761550996118,-0.006221134691239605,-0.007302902439093156,-0.006152682178174292,-0.00938937376506049,-0.006152682178174292,-0.011163032597094127,-0.17739067848172935,-0.00022793903777126547,-0.02228432959855567,-0.008174187009464932,-0.1343218490873686,0.006471708280016665,-0.026289526452907695,-0.0032326085923560046,-0.0031272949998360907,-0.00852138844031356,-0.01119074687797995,-7.700097543822963e-05,0.08105654536311685,-0.023257444642727602,0.0033637316063307218,0.0001488535993264061,0.011631990869231189,-0.02338839070162103,0.0049811743577173415,0.0017058434617414954,0.006062141853640873,-0.020418232508478216,0.010751276814812057,-0.011022946606852593,0.017108987424317348,-0.00399591385224233,0.00040979387581315506,-0.0032648008573609487,0.028578382467532602,0.010611693926338754,0.0017058434617414954,-7.700097543822963e-05,-0.3844015790386868,-0.007072726452713074,-0.014767822339062335,0.22371022589023687
is_evening,0.011157494499466278,0.09022595225449954,0.7506518906054686,-1.0631749493784328e-17,-2.8376234927494526e-18,9.868145643803756e-17,-0.5848669869612936,0.4487842234733392,2.3647948624238154e-17,2.8768021424419034e-17,-0.333333333333333,-0.3333333333333335,-0.33333333333333365,1.0,-3.797429268050709e-18,0.011954249726739832,0.010485208921893339,0.00947091138930059,-0.010811176683284166,-0.0028936474224546785,0.011013256589172833,0.00547136573238339,0.006426743571321017,0.011819248742420619,0.00825418524393208,0.008543395456144399,0.009781187052481977,0.011013256589172833,0.009781187052481977,0.010662572854260451,0.10647153841251651,0.00532548479156268,0.017174013412420693,0.0038730866851856816,-0.0339070318876821,0.014296024399908402,0.002944596435901862,-0.002293872467651813,-0.13063973178377722,0.03414930479696701,-0.017585459379682613,-0.00038074502267923885,0.038986326338718374,-0.01547514585843019,0.012649525899863753,-0.001315025199441716,-0.003458839377286248,-0.0033008947069839505,0.00332078290514495,0.0022079601235296064,0.0036002019274007668,0.012419337298971257,0.011015111828672562,-0.0032977166125033697,-0.008785696244919702,0.007155473642387459,-0.005210236421052737,-0.007305761918547234,0.004197261821188315,-0.011850895450086862,0.0022079601235296064,-0.00038074502267923885,0.5767653887357415,0.010051812999805834,0.008452155198997677,0.6913105276362838
is_weekend,-0.04831736522134606,-0.022964159314766974,4.27254469792145e-17,0.8013760423610307,-0.02563895527516664,-0.020016019225635787,-1.274983174590121e-17,1.603752420868077e-19,-0.7899524624504745,0.1644326407870726,-2.946281328660031e-17,-1.2047016988298802e-17,-9.951883599029445e-18,-3.797429268050709e-18,1.0,-0.04666930432295576,-0.04488630969415258,-0.04304915591157385,-0.035433113575833335,-0.030438796595356865,-0.042215505645599484,-0.17758683206392417,-0.16590870753789982,0.16139457705615573,0.2170101974185548,0.03412454026431807,-0.04301838899995372,-0.042215505645599484,-0.04301838899995372,-0.04497561259578386,-0.07092318516221761,-0.04009664915842,-0.04970402535136022,-0.041767590483133964,-0.10107824214018603,-0.028242532165879356,-0.05519073061618885,-0.03727450244473346,-0.1607662169675082,7.579302532317515e-05,-0.07245173463270797,-0.037329413859198995,-0.24124560944349263,0.04598805336200761,-0.12419971891377891,-0.15900168594644165,-0.14847995026863917,-0.08346904648677662,-0.24716193814001747,-0.08369399186319515,-0.08753246447658215,-0.08322874468982802,-0.11877770195892892,0.012949273028353903,-0.01865220391329931,-0.02264871255148587,0.02404515292689239,0.026836698346943574,-0.013561385317127781,-0.06251278349274886,-0.08369399186319515,-0.037329413859198995,-3.0038430028476172e-15,-0.015243754197974633,0.10309952689081579,-0.020609137543421228
lag_1h,0.9959597137792748,0.27381425277823296,0.002842902554450753,-0.09730258048199103,-0.2380364847832066,0.30135066696929413,-0.0014098150966648502,0.008201611875708401,0.07497981837782304,0.07400725616429056,0.0003118499928711518,-2.078999952478542e-05,-0.012245309720086616,0.011954249726739832,-0.04666930432295576,1.0,0.9959553132370703,0.9867805652200731,0.9446617437780069,0.7958298067147648,0.4648324861290125,0.2835663524818827,0.10904237144996964,0.03560672804404526,-0.08161796515527343,-0.08055038576439556,-0.08058665753272316,0.4648324861290125,-0.08058665753272316,0.9966106324488467,-0.08168681450043809,0.9942547057444594,0.9953336126152749,0.9849413306213475,-0.06449643427432139,0.9773211460309247,0.9800829309556501,0.9434023473923203,-0.028061425044441382,0.9188951263385626,0.9284326537958396,0.8259039944909636,0.02906382109692689,0.770368092758918,0.8103827402347337,0.6049404676065299,0.2758690328670449,0.3913236339841897,0.6437107666689293,0.44249161287823857,0.5290699003876624,-0.11641545958033675,0.5532940274859193,0.4948270860742668,-0.038245426169155515,0.04786145694599171,0.4742265281391282,0.6149428947536199,-0.041799824967163786,0.48893812022222194,0.44249161287823857,0.8259039944909636,0.015569739609147237,0.4232411450506269,0.2451171773740678,0.3504657109197595
lag_2h,0.9867950595784434,0.2498254345156036,0.004003042672996807,-0.09350058837501667,-0.2293466103791303,0.3015975319576293,0.0007614684738314239,0.00885316146434783,0.08157803798739291,0.07090951725704248,-0.00099859132589493,0.0017475348203155312,-0.011234152416314381,0.010485208921893339,-0.04488630969415258,0.9959553132370703,1.0,0.9959531110963734,0.9616217111545121,0.8243528523696263,0.48581510877348205,0.287345260663397,0.11399724553663956,0.04100759656073606,-0.07903186711534782,-0.07837983754127181,-0.08448540577599678,0.48581510877348205,-0.08448540577599678,0.9996727174693749,-0.0914452866354835,0.9975843687171736,0.9975052528518772,0.9936864635862592,-0.06785340397747898,0.9853556555273534,0.9873269236325112,0.9605335279740141,-0.030995055241698335,0.9342944265758136,0.94226653161138,0.8497731328401747,0.024617014286208855,0.787852589883309,0.8250013629884313,0.6203621894827435,0.266499525511058,0.4073143103135206,0.6526186670291431,0.4540477741942418,0.5262815579765118,-0.10268158048147931,0.5575156151405246,0.4762002288772154,-0.09524535592440762,-0.034079353080468944,0.4455259611321858,0.610203983505411,-0.09542832535537786,0.46009469407672055,0.4540477741942418,0.8497731328401747,0.0013239754244143381,0.40546747770613145,0.23884331243058426,0.34848574403666893
lag_3h,0.974968774286766,0.22784304818604173,0.005716131795090599,-0.08982336609546492,-0.22086313161223323,0.30178939332789273,0.0030285189810319623,0.008817793345575442,0.08793413954585722,0.06756549182872985,-0.0023521164549255564,0.002810050631990255,-0.009928845566365736,0.00947091138930059,-0.04304915591157385,0.9867805652200731,0.9959531110963734,1.0,0.975681476813189,0.8518269749694682,0.508965355874202,0.2910511005461954,0.11935285010670424,0.04627263356992424,-0.07600713316560578,-0.07639977324669654,-0.08780120750577576,0.508965355874202,-0.08780120750577576,0.9966045479843574,-0.1019415213804008,0.9954572013351838,0.9940890089669787,0.9980190409126873,-0.07720503957650895,0.9897907247537022,0.9899136529797938,0.9744385634421947,-0.03643586327152115,0.9468279067836314,0.9524414230730788,0.8723007502491004,0.019557589014240737,0.8041016460412214,0.8379471118997346,0.6355126875569429,0.25711684043032534,0.4223961158065248,0.660869491451642,0.4654940992138872,0.5230420902744088,-0.0894914792695222,0.5610479146680346,0.45107882741382327,-0.12481210406472545,-0.10504102203772955,0.41234426871751223,0.6037481372053827,-0.1197282252091241,0.4268701746056015,0.4654940992138872,0.8723007502491004,-0.005866608290586168,0.38987744205734187,0.23326466993935902,0.346611010565552
lag_6h,0.9248404647880344,0.1797762922823487,-0.014878288731124456,-0.07669556614128432,-0.19777747172306273,0.3022432496234147,0.008055812702882302,0.002877417672426062,0.10452401444343752,0.05775123164847216,0.0114764798637936,0.001746420848838218,-0.0024117240293480852,-0.010811176683284166,-0.035433113575833335,0.9446617437780069,0.9616217111545121,0.975681476813189,1.0,0.92509304009864,0.5887216632363931,0.30291318239517145,0.14062551330508014,0.06140937646167939,-0.06332264787248751,-0.07027887763416413,-0.09314097502442199,0.5887216632363931,-0.09314097502442199,0.9629315604662799,-0.14850484478303216,0.9649451864459576,0.9577215453528374,0.9851898286690165,-0.11135793608666074,0.9817923384406331,0.9741501654721246,0.9959899694106346,-0.05670352059752435,0.9678812469523409,0.9653071789338006,0.9302900173297904,0.0033203578374006045,0.8457745542687908,0.8680650021639509,0.6804905071927172,0.23052096708554998,0.4629086454037167,0.6830698709686637,0.5009210992553454,0.5117539534327854,-0.051691854805844026,0.5700167589795706,0.34119738932226945,-0.21422096265163904,-0.2206716337687354,0.28992966822351196,0.5748318947597832,-0.19597763845181243,0.3058032794094577,0.5009210992553454,0.9302900173297904,-0.007037829413971076,0.35562408764230374,0.2206622418205462,0.31930381517982487
lag_12h,0.7665146383542021,0.13721906899279923,0.0002890953619109635,-0.06222632307023145,-0.1606418164528088,0.2970256348837749,0.003553806440859106,-0.007240583347814512,0.13706200388052073,0.02662348685576338,-0.009388740917461327,0.01101251429121249,0.001269874048703053,-0.0028936474224546785,-0.030438796595356865,0.7958298067147648,0.8243528523696263,0.8518269749694682,0.92509304009864,1.0,0.7665676808244805,0.32237489367137945,0.19028637121573863,0.08510240537277902,-0.03246450034486948,-0.06685127235091841,-0.09183054659743703,0.7665676808244805,-0.09183054659743703,0.8259500189870038,-0.15447572167187898,0.8294935893466147,0.8200788576861717,0.8696875652991447,-0.13976951107803817,0.8725808445673785,0.856419699742023,0.9435945777185879,-0.09300559193620835,0.9308675937365858,0.9121383424244043,0.984585220010398,-0.03011068785231902,0.8880146324600572,0.8861003772331317,0.7504796071874669,0.18081733935442354,0.5160442415693641,0.7056817520544628,0.5573274135831164,0.48091527575583365,-0.0007954339057891903,0.5684859896995437,0.015671665502718313,-0.3208639739854736,-0.3758527521013248,-0.026207918761186513,0.4807672861870106,-0.29037673051113844,-0.006599853926465488,0.5573274135831164,0.984585220010398,0.002301797426313966,0.3195589046115322,0.19727816015183028,0.27744113606686865
lag_24h,0.4453841070642778,0.09561393010475085,0.0033209137988317603,-0.04829342164414467,-0.13285235232953257,0.2628923244489451,-0.003293344974868289,0.0060676134621379515,0.1872008671444076,-0.04473710804605492,2.0819010565235097e-05,-0.0016447018346780109,-0.00938937376506049,0.011013256589172833,-0.042215505645599484,0.4648324861290125,0.48581510877348205,0.508965355874202,0.5887216632363931,0.7665676808244805,1.0,0.44585180004168395,0.2722079278742237,0.1320514915843906,0.04502781405308017,-0.0609202012945313,-0.062472703945294666,1.0,-0.062472703945294666,0.4876849360930161,-0.09865516075895607,0.4906819202928248,0.48431815530832395,0.5280040648069069,-0.10258071241649316,0.5346145390925672,0.5214408307167708,0.623020028090501,-0.09917113024838542,0.6376226748003483,0.6095557090237806,0.8258436555665403,-0.08806668238525539,0.8087792806207568,0.763805752779688,0.8149957757204515,0.11273335955173559,0.5493405875073945,0.6953880432125559,0.6223646413072017,0.4200809990610039,0.027237667870743033,0.5409417720936801,-0.523320170324658,-0.21329264861752412,-0.28143922989600106,-0.5472798131315418,0.27763732405895686,-0.19300587063039842,-0.5080532067605701,0.6223646413072017,0.8258436555665403,0.02049862472024334,0.27652794051540786,0.15230826867400254,0.1504643283040725
lag_48h,0.27950766013604667,0.04272274056928875,-0.0014965635886846525,-0.041741894363591145,-0.1264797884067539,0.17014068921047312,0.0012731918445495097,0.0051656819289365805,0.16208871923051718,-0.21153647138171594,0.0029749250940333694,0.00014562570390375376,-0.008591916530320922,0.00547136573238339,-0.17758683206392417,0.2835663524818827,0.287345260663397,0.2910511005461954,0.30291318239517145,0.32237489367137945,0.44585180004168395,1.0,0.4439285149338935,0.2989504263355351,0.1468967215012462,0.06739697006050378,-0.038312687351073085,0.44585180004168395,-0.038312687351073085,0.2880021731990393,0.053596210534247644,0.2824761789578376,0.29293216004661876,0.29547990370576177,0.08328158564990851,0.2803203584515425,0.30798117469908814,0.3109874368612946,0.09084385438068132,0.28211574474450934,0.33069701890907083,0.36497290525195347,0.034055972063002156,0.3451990789620956,0.38156369608734514,0.7992089092710106,-0.027844558906248422,0.5732297330975534,0.6042648401567536,0.6526988775694127,0.3265702673208271,0.006394091174972173,0.46752164959968506,-0.13767304304309624,-0.04325975141978347,-0.05046239395691593,-0.18361325150403215,0.15743799753553014,-0.03781326516217024,-0.12727120648996137,0.6526988775694127,0.36497290525195347,0.014744387779771008,0.10502764241073492,0.03937371506400269,0.09643735385212386
lag_72h,0.10436532970663792,0.002499117387364598,0.0010878204498208257,-0.0018384488976962469,-0.11725183869814745,0.07005198140652522,8.354529476123585e-06,0.0027307669524297704,0.024501697823428793,-0.3016854299150459,-0.00012601457982996584,0.0009661117786953519,-0.0072668407701867496,0.006426743571321017,-0.16590870753789982,0.10904237144996964,0.11399724553663956,0.11935285010670424,0.14062551330508014,0.19028637121573863,0.2722079278742237,0.4439285149338935,1.0,0.46668056241303996,0.30913519698925845,0.16463868777473184,0.08309441987482526,0.2722079278742237,0.08309441987482526,0.11439995760444853,0.07681207169585008,0.10881837165361812,0.12015314538332378,0.12456525138352866,0.11625039169377437,0.10925145782248342,0.14139264332252455,0.14986304006372822,0.16787863328269567,0.11141986145167232,0.1894870558197666,0.20711512933619636,0.21276699635350174,0.1124372462731088,0.2767176297127226,0.5472077052583523,-0.03064739142277705,0.5127738618040135,0.488255525904701,0.6192832949981931,0.26030289462089906,0.0068991014438575604,0.4178307692256753,-0.1667609369415333,-0.051312076956920874,-0.0672742771982814,-0.1857243899347063,-0.03444351884473098,-0.042575837228051534,-0.10024830934303697,0.6192832949981931,0.20711512933619636,0.015151676569374953,0.0021340953386315047,-0.0033960067895137465,0.03486642329527854
lag_96h,0.029971606479263956,-0.07166272099862625,0.006620616560414777,0.22388060379495678,-0.1159017854325283,0.0020529675988428743,-0.006023446790759297,0.005257729310650603,-0.16500887351145171,-0.23421058592524255,-0.0021826487224680348,-0.0035828384689567637,-0.006053761550996118,0.011819248742420619,0.16139457705615573,0.03560672804404526,0.04100759656073606,0.04627263356992424,0.06140937646167939,0.08510240537277902,0.1320514915843906,0.2989504263355351,0.46668056241303996,1.0,0.4881940191326029,0.3348060870442308,0.19374264880227096,0.13205149158439058,0.19374264880227096,0.04105750261018269,0.0546719860611162,0.03735950542569363,0.04479562739850083,0.049083127608441836,0.07910915520934167,0.03908305745843382,0.05948940030167711,0.06357755350519236,0.10915117294117488,0.03598698996934018,0.08556718833933236,0.09167279287850763,0.14924369165943116,0.014188723547415306,0.13074503588570616,0.26732810581332067,0.1510347786252144,0.1238412485033926,0.2897224275853561,0.5774923726736614,0.20131058561815332,0.07257042917240455,0.42304182811902535,-0.09552757050010514,-0.06246615649824801,-0.0737013982305833,-0.1232750017223617,-0.193883186200434,-0.0596494330639977,-0.062166437209470723,0.5774923726736614,0.09167279287850763,0.01654160719349568,-0.10062849450437719,0.01489574530905859,0.016930166398490026
lag_120h,-0.08379226579956447,-0.06505966648013471,0.003606714293074488,0.23519177082157616,-0.10810523866309633,-0.07245422514812448,-0.002480865488075987,0.0028705711072872907,-0.21971004818116044,-0.05184092107264707,-0.0015857794311003382,-0.00044727112159236173,-0.006221134691239605,0.00825418524393208,0.2170101974185548,-0.08161796515527343,-0.07903186711534782,-0.07600713316560578,-0.06332264787248751,-0.03246450034486948,0.04502781405308017,0.1468967215012462,0.30913519698925845,0.4881940191326029,1.0,0.5038445863745639,0.35383408639162445,0.04502781405308019,0.35383408639162445,-0.07907424917698067,-0.0015598602646324966,-0.07867820034527674,-0.07970412276046593,-0.07394681227366791,0.019464710106454976,-0.07434835060865215,-0.07167374716099864,-0.06152049160737407,0.03658237692698912,-0.06416881962699114,-0.04961251553122996,-0.028566927620010344,0.05940412428302746,-0.04990137865047717,0.007039124030507859,0.10701251772293445,0.20210711343266477,-0.06416727034551804,0.20232975460961827,0.4871356378202776,0.15831127408764853,0.09038657380971803,0.4006133926022865,-0.12919059138288871,-0.024742586379393798,-0.03658138847573183,-0.14799337914438912,-0.38877777731314955,-0.02015012621603243,-0.09646573339117463,0.4871356378202776,-0.028566927620010344,0.014860938371656312,-0.10477309178376937,0.12433859681728669,-0.02544102826440805
lag_144h,-0.08293655072747773,-0.05311849349493328,0.002760994103955326,-0.03318770242198854,-0.07734629373382958,-0.12547646976051754,-0.0020267996544964056,0.004863311898440692,-0.11807929720819449,0.10422717822434317,6.002385566372601e-05,-0.001300516872715166,-0.007302902439093156,0.008543395456144399,0.03412454026431807,-0.08055038576439556,-0.07837983754127181,-0.07639977324669654,-0.07027887763416413,-0.06685127235091841,-0.0609202012945313,0.06739697006050378,0.16463868777473184,0.3348060870442308,0.5038445863745639,1.0,0.5190557655197773,-0.0609202012945313,0.5190557655197773,-0.0786305843910704,-0.0010638968248431403,-0.0781357980012889,-0.07930803584947174,-0.07591875404788716,0.003021090466631213,-0.07457511941095075,-0.0762512146787419,-0.0735552575937921,-0.002673882018296046,-0.070529124390694,-0.07256296852316539,-0.07542205090654562,0.007440592783914674,-0.07888312656373492,-0.06788061847668113,-0.007337367067207445,0.1218044679261448,-0.09051312641167088,0.08285794536145748,0.3848412827215788,0.12081076519236747,0.07517829082674352,0.3508312275610362,-0.026442383003586905,-0.02709295384344492,-0.030970986108409405,-0.04716756292444654,-0.4919721710570657,-0.02409359935375083,-0.00020124372162305866,0.3848412827215788,-0.07542205090654562,0.015128253263037813,-0.09735379162035268,0.10988455629391028,-0.024528103349099502
lag_168h,-0.07624394353730093,0.012454861567829628,0.004899778687794484,-0.10584743713523499,-0.07305516499577225,-0.1912034369285359,-0.003919025788308264,0.0042573803044995825,0.06544192058236141,0.12321504912998532,-0.0016564913556622843,-0.0019720135186455223,-0.006152682178174292,0.009781187052481977,-0.04301838899995372,-0.08058665753272316,-0.08448540577599678,-0.08780120750577576,-0.09314097502442199,-0.09183054659743703,-0.062472703945294666,-0.038312687351073085,0.08309441987482526,0.19374264880227096,0.35383408639162445,0.5190557655197773,1.0,-0.06247270394529463,1.0,-0.08448993395077486,0.07040523022868757,-0.08815810198617488,-0.0806805305582879,-0.08873906980566793,0.08192286059924285,-0.09473388136869211,-0.07836038749462511,-0.09328320925591864,0.0751394092661949,-0.09937114774347698,-0.06957708226641003,-0.09214534494652503,0.04446021443436478,-0.09021383655021428,-0.050300504888680014,-0.08067741594326057,0.05309072682035586,-0.10806458129460064,-0.029808192557161536,0.19201320730443927,0.16806713413576438,-0.04777971393721986,0.29900387226133607,-0.03538883353729706,0.047782849580747765,0.04989016139632521,-0.038786690347953595,-0.7855635635413399,0.05432227089790747,0.014713979886019218,0.19201320730443927,-0.09214534494652503,0.015297697525189202,0.017822260882332963,0.11539093070244022,-0.024617605460641553
lag_same_hour_yesterday,0.4453841070642778,0.09561393010475085,0.0033209137988317603,-0.04829342164414467,-0.13285235232953257,0.2628923244489451,-0.003293344974868289,0.0060676134621379515,0.1872008671444076,-0.04473710804605492,2.0819010565235097e-05,-0.0016447018346780109,-0.00938937376506049,0.011013256589172833,-0.042215505645599484,0.4648324861290125,0.48581510877348205,0.508965355874202,0.5887216632363931,0.7665676808244805,1.0,0.44585180004168395,0.2722079278742237,0.13205149158439058,0.04502781405308019,-0.0609202012945313,-0.06247270394529463,1.0,-0.062472703945294666,0.4876849360930161,-0.09865516075895607,0.4906819202928248,0.48431815530832395,0.5280040648069069,-0.10258071241649316,0.5346145390925672,0.5214408307167708,0.623020028090501,-0.09917113024838542,0.6376226748003483,0.6095557090237806,0.8258436555665403,-0.08806668238525539,0.8087792806207568,0.763805752779688,0.8149957757204515,0.11273335955173559,0.5493405875073945,0.6953880432125559,0.6223646413072017,0.4200809990610039,0.027237667870743033,0.5409417720936801,-0.523320170324658,-0.21329264861752412,-0.28143922989600106,-0.5472798131315418,0.27763732405895686,-0.19300587063039842,-0.5080532067605701,0.6223646413072017,0.8258436555665403,0.02049862472024334,0.27652794051540786,0.15230826867400254,0.1504643283040725
